{
 "cells": [
  {
   "cell_type": "code",
   "execution_count": 1,
   "metadata": {
    "collapsed": true,
    "ExecuteTime": {
     "end_time": "2023-05-30T14:45:40.440720Z",
     "start_time": "2023-05-30T14:45:37.054657Z"
    }
   },
   "outputs": [],
   "source": [
    "# import packages\n",
    "\n",
    "import numpy as np\n",
    "from numpy import random\n",
    "from scipy import stats\n",
    "import pandas as pd\n",
    "import copy\n",
    "import matplotlib.pyplot as plt\n",
    "\n",
    "# import r packages if needed\n",
    "\n",
    "import rpy2.robjects as robjects\n",
    "import rpy2.robjects.packages as rpackages\n",
    "rpackages.importr(\"clusterGeneration\")\n",
    "rpackages.importr(\"mpower\")\n",
    "cluster_generation = robjects.packages.importr(\"clusterGeneration\")\n",
    "mpower = robjects.packages.importr(\"mpower\")\n",
    "\n"
   ]
  },
  {
   "cell_type": "code",
   "execution_count": null,
   "outputs": [],
   "source": [
    " # Fully Synthetic Data Sets (Set up from Künzel et al.)\n",
    "\n",
    "# 1: Simulate the d-dimensional X.\n",
    "# 2: Create Potential Outcomes Y(1) and Y(0).\n",
    "# 3: Simulate Treatment Assignments trough W."
   ],
   "metadata": {
    "collapsed": false
   }
  },
  {
   "cell_type": "code",
   "execution_count": null,
   "outputs": [],
   "source": [
    "########################################################"
   ],
   "metadata": {
    "collapsed": false
   }
  },
  {
   "cell_type": "code",
   "execution_count": 2,
   "outputs": [],
   "source": [
    "# 1: Simulate the d-dimensional X\n",
    "\n",
    "\n",
    "# Setup parameters\n",
    "d = 25 # TODO: set dimension according to setup\n",
    "N = 1000 # TODO: set sample size according to setup\n",
    "\n",
    "# X Correlation matrix and mean\n",
    "mean = np.zeros(d) # TODO: set mean according to setup\n",
    "cov = np.array(mpower.cvine(d=d, alpha = 0.5, beta = 0.5)) # TODO: set cov according to setup\n",
    "\n",
    "# Simulate X\n",
    "X = random.multivariate_normal(mean=mean, cov=cov, size=N, check_valid='warn')"
   ],
   "metadata": {
    "collapsed": false,
    "ExecuteTime": {
     "end_time": "2023-05-30T14:46:15.753115Z",
     "start_time": "2023-05-30T14:46:15.647334Z"
    }
   }
  },
  {
   "cell_type": "code",
   "execution_count": 3,
   "outputs": [
    {
     "data": {
      "text/plain": "array([[-0.23949044,  0.20204604, -0.54972782, ..., -1.12269978,\n         1.05984406, -0.2747755 ],\n       [ 0.78597252, -0.9352116 ,  0.27192843, ..., -1.24850548,\n         1.44651786,  0.14611905],\n       [ 1.09727696, -0.96287228,  0.56219315, ..., -1.02297285,\n         0.96877531, -0.79127487],\n       ...,\n       [ 1.43721162,  0.05581602, -0.80873523, ..., -0.65795589,\n         0.41761371,  0.72035854],\n       [-0.56825225,  0.78821679, -0.62711777, ..., -0.09637254,\n        -0.95424552,  0.23412143],\n       [-0.79253074,  1.63656252, -1.49251667, ...,  1.05690572,\n        -0.80464246,  2.66129696]])"
     },
     "execution_count": 3,
     "metadata": {},
     "output_type": "execute_result"
    }
   ],
   "source": [
    "# Check X\n",
    "X"
   ],
   "metadata": {
    "collapsed": false,
    "ExecuteTime": {
     "end_time": "2023-05-30T14:46:16.482460Z",
     "start_time": "2023-05-30T14:46:16.476755Z"
    }
   }
  },
  {
   "cell_type": "code",
   "execution_count": 4,
   "outputs": [
    {
     "data": {
      "text/plain": "array([[ 1.        , -0.60666625,  0.26815879, -0.76026717,  0.57035503,\n        -0.73499248,  0.93971471,  0.66136962,  0.13849344, -0.46259898,\n        -0.97770495, -0.77288718, -0.99776269, -0.86978712,  0.11842479,\n         0.59778168, -0.98683337,  0.01573303,  0.70449791,  0.91346304,\n        -0.81048568, -0.94588293, -0.2614016 ,  0.72887186, -0.23008923],\n       [-0.60666625,  1.        , -0.90095064,  0.95105014, -0.66879917,\n        -0.05142658, -0.3006486 , -0.04137047, -0.86905463,  0.98541512,\n         0.50311263,  0.31104557,  0.58385804,  0.43301207, -0.33433266,\n         0.03262114,  0.49707703,  0.65435305, -0.32673463, -0.80630541,\n         0.89741793,  0.83077251,  0.27365195, -0.6017433 ,  0.72542454],\n       [ 0.26815879, -0.90095064,  1.        , -0.81739971,  0.68148115,\n         0.40615506, -0.07348987, -0.39391023,  0.95837561, -0.94641301,\n        -0.15930536,  0.04159206, -0.25603663, -0.23502185,  0.1904038 ,\n        -0.15346519, -0.12214519, -0.89467708,  0.02555084,  0.47982921,\n        -0.71323501, -0.54761029,  0.01337428,  0.24158622, -0.68467056],\n       [-0.76026717,  0.95105014, -0.81739971,  1.        , -0.73054714,\n         0.15114521, -0.4966441 , -0.13014539, -0.72059065,  0.89696877,\n         0.65246088,  0.47609708,  0.74706173,  0.66813577, -0.29290549,\n        -0.27286326,  0.66060514,  0.58399734, -0.40465305, -0.84315635,\n         0.96088374,  0.91488523,  0.13613137, -0.63470368,  0.61462476],\n       [ 0.57035503, -0.66879917,  0.68148115, -0.73054714,  1.        ,\n        -0.10923714,  0.38022997, -0.15991109,  0.48520066, -0.62268153,\n        -0.58543784, -0.0779892 , -0.59750819, -0.69140666, -0.40009474,\n         0.38894522, -0.44566471, -0.5715326 ,  0.30173791,  0.5454918 ,\n        -0.69465362, -0.65318454,  0.20344793,  0.03837465, -0.27402798],\n       [-0.73499248, -0.05142658,  0.40615506,  0.15114521, -0.10923714,\n         1.        , -0.9071973 , -0.82883784,  0.53446329, -0.21410476,\n         0.79716913,  0.67514885,  0.75082496,  0.64678049,  0.14222058,\n        -0.6796682 ,  0.80822522, -0.51625097, -0.68761751, -0.49018604,\n         0.21855686,  0.49820875,  0.0958386 , -0.43951308, -0.36770513],\n       [ 0.93971471, -0.3006486 , -0.07348987, -0.4966441 ,  0.38022997,\n        -0.9071973 ,  1.        ,  0.79911553, -0.20579136, -0.13443268,\n        -0.95981738, -0.79624816, -0.94500545, -0.8380537 ,  0.01104283,\n         0.70187778, -0.97399785,  0.31867365,  0.71403098,  0.76173137,\n        -0.58279121, -0.78024355, -0.23431948,  0.63359993,  0.02751615],\n       [ 0.66136962, -0.04137047, -0.39391023, -0.13014539, -0.15991109,\n        -0.82883784,  0.79911553,  1.        , -0.36545759,  0.09325465,\n        -0.69080633, -0.78196629, -0.64082684, -0.37119821,  0.27507668,\n         0.28174297, -0.7654107 ,  0.66468628,  0.68875733,  0.60088233,\n        -0.25943886, -0.49385196, -0.59882568,  0.71907736,  0.01724785],\n       [ 0.13849344, -0.86905463,  0.95837561, -0.72059065,  0.48520066,\n         0.53446329, -0.20579136, -0.36545759,  1.        , -0.9393812 ,\n        -0.01868514,  0.06979039, -0.11049719, -0.01895204,  0.36484707,\n        -0.38954036, -0.01089925, -0.81471623, -0.04423501,  0.43675385,\n        -0.63400786, -0.4490282 , -0.18650171,  0.3015551 , -0.79180622],\n       [-0.46259898,  0.98541512, -0.94641301,  0.89696877, -0.62268153,\n        -0.21410476, -0.13443268,  0.09325465, -0.9393812 ,  1.        ,\n         0.35237057,  0.18089808,  0.43752514,  0.29484916, -0.34751549,\n         0.16720923,  0.34345354,  0.73124174, -0.21439823, -0.7047859 ,\n         0.82660136,  0.72418885,  0.25273523, -0.516115  ,  0.75971771],\n       [-0.97770495,  0.50311263, -0.15930536,  0.65246088, -0.58543784,\n         0.79716913, -0.95981738, -0.69080633, -0.01868514,  0.35237057,\n         1.        ,  0.70692903,  0.98354345,  0.85592446,  0.05293139,\n        -0.60260297,  0.97302662, -0.11389667, -0.73342378, -0.86834337,\n         0.71499425,  0.88710296,  0.25633354, -0.62263741,  0.11142945],\n       [-0.77288718,  0.31104557,  0.04159206,  0.47609708, -0.0779892 ,\n         0.67514885, -0.79624816, -0.78196629,  0.06979039,  0.18089808,\n         0.70692903,  1.        ,  0.74980181,  0.63629595, -0.48651985,\n        -0.51548206,  0.82647456, -0.31221264, -0.70280629, -0.69804623,\n         0.59211748,  0.67325618,  0.38822888, -0.81376686,  0.33395413],\n       [-0.99776269,  0.58385804, -0.25603663,  0.74706173, -0.59750819,\n         0.75082496, -0.94500545, -0.64082684, -0.11049719,  0.43752514,\n         0.98354345,  0.74980181,  1.        ,  0.89063316, -0.05761119,\n        -0.63353699,  0.98210869, -0.00966481, -0.70313043, -0.8916553 ,\n         0.79303519,  0.93387167,  0.20916474, -0.68358271,  0.18460607],\n       [-0.86978712,  0.43301207, -0.23502185,  0.66813577, -0.69140666,\n         0.64678049, -0.8380537 , -0.37119821, -0.01895204,  0.29484916,\n         0.85592446,  0.63629595,  0.89063316,  1.        ,  0.12409237,\n        -0.85422684,  0.83647346,  0.0673288 , -0.52687649, -0.65510921,\n         0.72726457,  0.7716249 , -0.14685919, -0.3902418 ,  0.06650572],\n       [ 0.11842479, -0.33433266,  0.1904038 , -0.29290549, -0.40009474,\n         0.14222058,  0.01104283,  0.27507668,  0.36484707, -0.34751549,\n         0.05293139, -0.48651985, -0.05761119,  0.12409237,  1.        ,\n        -0.24599459, -0.15303111,  0.01187792, -0.00396123,  0.30119824,\n        -0.32683461, -0.23412958, -0.5244782 ,  0.72411405, -0.59702329],\n       [ 0.59778168,  0.03262114, -0.15346519, -0.27286326,  0.38894522,\n        -0.6796682 ,  0.70187778,  0.28174297, -0.38954036,  0.16720923,\n        -0.60260297, -0.51548206, -0.63353699, -0.85422684, -0.24599459,\n         1.        , -0.60792589,  0.14475844,  0.3285268 ,  0.23651248,\n        -0.31647794, -0.39140372,  0.42946468,  0.10612558,  0.3144444 ],\n       [-0.98683337,  0.49707703, -0.12214519,  0.66060514, -0.44566471,\n         0.80822522, -0.97399785, -0.7654107 , -0.01089925,  0.34345354,\n         0.97302662,  0.82647456,  0.98210869,  0.83647346, -0.15303111,\n        -0.60792589,  1.        , -0.16942037, -0.72071499, -0.88090049,\n         0.7332388 ,  0.89431361,  0.31989032, -0.75563674,  0.16746096],\n       [ 0.01573303,  0.65435305, -0.89467708,  0.58399734, -0.5715326 ,\n        -0.51625097,  0.31867365,  0.66468628, -0.81471623,  0.73124174,\n        -0.11389667, -0.31221264, -0.00966481,  0.0673288 ,  0.01187792,\n         0.14475844, -0.16942037,  1.        ,  0.15591698, -0.12607214,\n         0.40448218,  0.24745223, -0.39063097,  0.09171143,  0.39904811],\n       [ 0.70449791, -0.32673463,  0.02555084, -0.40465305,  0.30173791,\n        -0.68761751,  0.71403098,  0.68875733, -0.04423501, -0.21439823,\n        -0.73342378, -0.70280629, -0.70313043, -0.52687649, -0.00396123,\n         0.3285268 , -0.72071499,  0.15591698,  1.        ,  0.68142351,\n        -0.47576822, -0.63157832, -0.2841369 ,  0.53422387, -0.18582095],\n       [ 0.91346304, -0.80630541,  0.47982921, -0.84315635,  0.5454918 ,\n        -0.49018604,  0.76173137,  0.60088233,  0.43675385, -0.7047859 ,\n        -0.86834337, -0.69804623, -0.8916553 , -0.65510921,  0.30119824,\n         0.23651248, -0.88090049, -0.12607214,  0.68142351,  1.        ,\n        -0.88329499, -0.97134644, -0.5099999 ,  0.83351809, -0.52483261],\n       [-0.81048568,  0.89741793, -0.71323501,  0.96088374, -0.69465362,\n         0.21855686, -0.58279121, -0.25943886, -0.63400786,  0.82660136,\n         0.71499425,  0.59211748,  0.79303519,  0.72726457, -0.32683461,\n        -0.31647794,  0.7332388 ,  0.40448218, -0.47576822, -0.88329499,\n         1.        ,  0.92654589,  0.26206991, -0.6850694 ,  0.65985431],\n       [-0.94588293,  0.83077251, -0.54761029,  0.91488523, -0.65318454,\n         0.49820875, -0.78024355, -0.49385196, -0.4490282 ,  0.72418885,\n         0.88710296,  0.67325618,  0.93387167,  0.7716249 , -0.23412958,\n        -0.39140372,  0.89431361,  0.24745223, -0.63157832, -0.97134644,\n         0.92654589,  1.        ,  0.3094275 , -0.76944064,  0.45697411],\n       [-0.2614016 ,  0.27365195,  0.01337428,  0.13613137,  0.20344793,\n         0.0958386 , -0.23431948, -0.59882568, -0.18650171,  0.25273523,\n         0.25633354,  0.38822888,  0.20916474, -0.14685919, -0.5244782 ,\n         0.42946468,  0.31989032, -0.39063097, -0.2841369 , -0.5099999 ,\n         0.26206991,  0.3094275 ,  1.        , -0.64759416,  0.53264311],\n       [ 0.72887186, -0.6017433 ,  0.24158622, -0.63470368,  0.03837465,\n        -0.43951308,  0.63359993,  0.71907736,  0.3015551 , -0.516115  ,\n        -0.62263741, -0.81376686, -0.68358271, -0.3902418 ,  0.72411405,\n         0.10612558, -0.75563674,  0.09171143,  0.53422387,  0.83351809,\n        -0.6850694 , -0.76944064, -0.64759416,  1.        , -0.52373019],\n       [-0.23008923,  0.72542454, -0.68467056,  0.61462476, -0.27402798,\n        -0.36770513,  0.02751615,  0.01724785, -0.79180622,  0.75971771,\n         0.11142945,  0.33395413,  0.18460607,  0.06650572, -0.59702329,\n         0.3144444 ,  0.16746096,  0.39904811, -0.18582095, -0.52483261,\n         0.65985431,  0.45697411,  0.53264311, -0.52373019,  1.        ]])"
     },
     "execution_count": 4,
     "metadata": {},
     "output_type": "execute_result"
    }
   ],
   "source": [
    "# Check cov\n",
    "cov"
   ],
   "metadata": {
    "collapsed": false,
    "ExecuteTime": {
     "end_time": "2023-05-30T14:46:18.635270Z",
     "start_time": "2023-05-30T14:46:18.450916Z"
    }
   }
  },
  {
   "cell_type": "code",
   "execution_count": 5,
   "outputs": [],
   "source": [
    "#######################################################"
   ],
   "metadata": {
    "collapsed": false,
    "ExecuteTime": {
     "end_time": "2023-05-30T14:46:23.566929Z",
     "start_time": "2023-05-30T14:46:23.470977Z"
    }
   }
  },
  {
   "cell_type": "code",
   "execution_count": 6,
   "outputs": [],
   "source": [
    "# 2: Create Potential Outcomes Y(1) and Y(0).\n",
    "\n",
    "# 2.1 Simulate errors, FIX\n",
    "e_0 = random.normal(loc=0.0,scale=1.0,size=N)\n",
    "e_1 = random.normal(loc=0.0,scale=1.0,size=N)\n",
    "\n",
    "# if needed take student_t distributed errors to see simulation with heavy-tailed errors\n",
    "\n",
    "# e_o = random.standard_t(df=1,size=N)\n",
    "# e_1 = random.standard_t(df=1,size=N)"
   ],
   "metadata": {
    "collapsed": false,
    "ExecuteTime": {
     "end_time": "2023-05-30T14:46:23.877649Z",
     "start_time": "2023-05-30T14:46:23.860358Z"
    }
   }
  },
  {
   "cell_type": "code",
   "execution_count": null,
   "outputs": [],
   "source": [
    "#######################################################"
   ],
   "metadata": {
    "collapsed": false
   }
  },
  {
   "cell_type": "code",
   "execution_count": null,
   "outputs": [],
   "source": [
    "# 2.2 Create Response Functions"
   ],
   "metadata": {
    "collapsed": false
   }
  },
  {
   "cell_type": "code",
   "execution_count": 7,
   "outputs": [
    {
     "data": {
      "text/plain": "array([8., 0., 0., 8., 8., 0., 8., 8., 0., 8., 0., 0., 0., 0., 0., 8., 0.,\n       0., 8., 0., 0., 0., 8., 8., 8., 8., 0., 0., 8., 8., 8., 8., 0., 8.,\n       0., 8., 0., 0., 8., 0., 0., 0., 0., 8., 8., 0., 8., 0., 8., 0., 8.,\n       0., 8., 0., 8., 0., 8., 8., 8., 8., 8., 8., 0., 0., 8., 8., 8., 8.,\n       8., 8., 8., 8., 8., 0., 0., 0., 0., 0., 8., 0., 8., 8., 8., 8., 0.,\n       0., 8., 0., 8., 8., 0., 8., 8., 0., 8., 8., 8., 0., 0., 0., 8., 8.,\n       8., 0., 8., 0., 8., 8., 0., 0., 0., 8., 8., 0., 0., 0., 0., 8., 0.,\n       8., 8., 0., 0., 8., 8., 0., 8., 8., 0., 8., 0., 0., 0., 8., 8., 8.,\n       0., 8., 8., 8., 8., 8., 0., 0., 0., 0., 0., 8., 0., 8., 8., 0., 0.,\n       8., 0., 8., 0., 0., 0., 8., 0., 0., 8., 0., 0., 8., 8., 8., 0., 0.,\n       0., 8., 8., 0., 8., 0., 0., 8., 8., 0., 8., 0., 0., 8., 8., 0., 8.,\n       0., 0., 0., 8., 8., 0., 8., 0., 0., 0., 0., 0., 8., 0., 8., 8., 0.,\n       8., 0., 8., 8., 0., 8., 8., 0., 0., 8., 8., 8., 0., 8., 8., 8., 0.,\n       8., 0., 0., 0., 8., 0., 0., 0., 0., 0., 0., 8., 0., 0., 8., 8., 8.,\n       8., 8., 8., 0., 0., 8., 8., 8., 0., 0., 8., 0., 8., 0., 0., 0., 8.,\n       0., 0., 8., 0., 0., 0., 0., 8., 0., 8., 8., 8., 0., 0., 0., 8., 8.,\n       8., 0., 8., 8., 0., 8., 0., 0., 0., 8., 0., 0., 0., 0., 0., 8., 0.,\n       0., 8., 8., 8., 0., 0., 8., 0., 8., 0., 0., 8., 8., 8., 8., 0., 0.,\n       8., 0., 8., 0., 0., 0., 8., 8., 0., 0., 8., 0., 8., 0., 0., 0., 0.,\n       8., 0., 8., 0., 0., 8., 0., 0., 0., 0., 0., 8., 0., 8., 0., 8., 0.,\n       0., 0., 8., 8., 0., 0., 0., 8., 0., 8., 0., 8., 8., 8., 0., 8., 8.,\n       0., 0., 0., 0., 8., 0., 8., 0., 0., 0., 8., 8., 0., 8., 8., 8., 0.,\n       0., 0., 0., 8., 0., 0., 8., 0., 0., 0., 0., 8., 0., 8., 0., 0., 0.,\n       8., 8., 8., 8., 8., 8., 8., 0., 0., 0., 0., 0., 0., 0., 0., 8., 0.,\n       8., 8., 0., 0., 0., 8., 0., 8., 8., 0., 8., 0., 0., 0., 8., 8., 0.,\n       8., 8., 8., 8., 8., 0., 8., 8., 8., 0., 0., 0., 0., 0., 0., 8., 8.,\n       8., 0., 8., 8., 0., 0., 8., 8., 8., 8., 8., 8., 0., 8., 0., 8., 0.,\n       0., 8., 8., 0., 8., 0., 0., 8., 0., 0., 8., 8., 8., 8., 8., 0., 8.,\n       8., 0., 8., 0., 0., 0., 8., 0., 0., 8., 8., 8., 0., 0., 8., 0., 8.,\n       0., 8., 0., 0., 8., 0., 0., 0., 0., 8., 8., 8., 0., 8., 8., 0., 8.,\n       8., 8., 0., 8., 8., 0., 8., 0., 0., 8., 0., 8., 8., 8., 8., 8., 0.,\n       0., 8., 0., 8., 0., 0., 0., 0., 0., 8., 8., 0., 0., 8., 8., 0., 0.,\n       8., 0., 8., 0., 0., 0., 8., 0., 0., 0., 0., 8., 0., 8., 0., 0., 8.,\n       0., 0., 0., 0., 8., 0., 8., 0., 0., 8., 8., 8., 0., 8., 8., 0., 0.,\n       0., 8., 8., 0., 0., 8., 0., 8., 8., 0., 0., 8., 0., 0., 8., 8., 0.,\n       0., 8., 8., 0., 0., 8., 8., 8., 0., 0., 0., 8., 0., 0., 0., 8., 0.,\n       0., 8., 8., 8., 0., 0., 0., 8., 0., 8., 0., 0., 8., 0., 8., 8., 8.,\n       0., 0., 8., 8., 0., 0., 8., 8., 8., 8., 8., 8., 0., 8., 8., 8., 0.,\n       0., 8., 8., 8., 0., 8., 8., 0., 0., 0., 0., 0., 0., 0., 8., 0., 8.,\n       8., 8., 0., 8., 8., 0., 8., 8., 8., 8., 8., 0., 8., 0., 0., 8., 0.,\n       8., 0., 8., 0., 0., 0., 8., 8., 8., 0., 8., 0., 0., 8., 8., 8., 0.,\n       8., 8., 0., 0., 8., 0., 8., 0., 8., 0., 0., 0., 0., 8., 0., 0., 8.,\n       8., 0., 8., 8., 0., 8., 8., 0., 0., 8., 8., 0., 0., 8., 0., 8., 0.,\n       8., 8., 8., 0., 0., 0., 0., 8., 0., 8., 8., 8., 8., 8., 0., 8., 8.,\n       0., 8., 0., 0., 8., 0., 0., 0., 8., 0., 0., 0., 0., 8., 8., 8., 0.,\n       0., 0., 8., 0., 0., 8., 0., 0., 8., 0., 8., 0., 8., 0., 8., 8., 8.,\n       0., 8., 8., 8., 8., 0., 0., 8., 0., 8., 8., 8., 8., 0., 0., 0., 8.,\n       0., 8., 8., 8., 8., 0., 8., 0., 0., 0., 0., 0., 0., 8., 0., 8., 0.,\n       8., 0., 0., 0., 0., 8., 8., 8., 0., 8., 8., 8., 8., 0., 0., 8., 8.,\n       0., 8., 8., 8., 0., 0., 8., 0., 0., 8., 8., 0., 0., 8., 8., 0., 0.,\n       8., 0., 0., 8., 0., 0., 8., 0., 8., 8., 8., 8., 8., 0., 0., 0., 0.,\n       0., 0., 0., 0., 8., 0., 0., 0., 0., 8., 0., 8., 0., 0., 0., 0., 0.,\n       0., 8., 0., 0., 8., 8., 0., 8., 0., 8., 8., 8., 8., 8., 8., 8., 8.,\n       0., 8., 8., 8., 8., 0., 0., 8., 0., 0., 0., 8., 0., 0., 0., 0., 0.,\n       8., 0., 8., 8., 8., 0., 8., 0., 0., 0., 8., 0., 8., 0., 8., 8., 0.,\n       0., 8., 0., 0., 8., 8., 0., 0., 0., 0., 0., 0., 0., 8., 8., 0., 0.,\n       0., 8., 0., 8., 8., 8., 0., 8., 8., 8., 0., 0., 0., 8., 8., 8., 0.,\n       8., 0., 0., 0., 0., 8., 8., 0., 8., 8., 0., 8., 8., 8., 0., 0., 0.,\n       0., 0., 8., 8., 0., 8., 0., 8., 0., 8., 0., 0., 8., 8.])"
     },
     "execution_count": 7,
     "metadata": {},
     "output_type": "execute_result"
    }
   ],
   "source": [
    "# SI1.1 simple cate - indicator  (no confounding)\n",
    "betas_0 = random.uniform(low=-5, high=5, size=d)\n",
    "mu_0 = np.matmul(X,betas_0) + 5*np.int8(X[:,0]>0.5)\n",
    "mu_1 = mu_0 + 8*np.int8(X[:,1]>0.1) # indicator\n",
    "tau = mu_1 - mu_0\n",
    "tau"
   ],
   "metadata": {
    "collapsed": false,
    "ExecuteTime": {
     "end_time": "2023-05-30T14:47:01.474347Z",
     "start_time": "2023-05-30T14:47:01.276863Z"
    }
   }
  },
  {
   "cell_type": "code",
   "execution_count": null,
   "outputs": [],
   "source": [
    "# SI1.2 simple cate - linear (no confounding)\n",
    "betas_0 = random.uniform(low=-5, high=5, size=d)\n",
    "mu_0 = np.matmul(X,betas_0) + 5*X[:,0]\n",
    "mu_1 = mu_0 + 8*X[:,1] # linear\n",
    "tau = mu_1 - mu_0\n",
    "tau"
   ],
   "metadata": {
    "collapsed": false
   }
  },
  {
   "cell_type": "code",
   "execution_count": null,
   "outputs": [],
   "source": [
    "# SI1.3 simple cate - quadratic (no confounding)\n",
    "betas_0 = random.uniform(low=-5, high=5, size=d)\n",
    "mu_0 = np.matmul(X,betas_0) + 5*(X[:,0]**2)\n",
    "mu_1 = mu_0 + 8*(X[:,1]**2) # quadratic\n",
    "tau = mu_1 - mu_0\n",
    "tau"
   ],
   "metadata": {
    "collapsed": false
   }
  },
  {
   "cell_type": "code",
   "execution_count": null,
   "outputs": [],
   "source": [
    "#############################################"
   ],
   "metadata": {
    "collapsed": false
   }
  },
  {
   "cell_type": "code",
   "execution_count": null,
   "outputs": [],
   "source": [
    "# SI2 complex linear cate  (in Künzel it is low=1, high=30)\n",
    "betas_0 = random.uniform(low=-15, high=15, size=d)\n",
    "betas_1 = random.uniform(low=-15, high=15, size=d)\n",
    "mu_0 = np.matmul(X,betas_0)\n",
    "mu_1 = np.matmul(X,betas_1)\n",
    "tau = mu_1 - mu_0"
   ],
   "metadata": {
    "collapsed": false
   }
  },
  {
   "cell_type": "code",
   "execution_count": null,
   "outputs": [],
   "source": [
    "###############################################"
   ],
   "metadata": {
    "collapsed": false
   }
  },
  {
   "cell_type": "code",
   "execution_count": null,
   "outputs": [],
   "source": [
    "def varsigma_funct(x):\n",
    "    return 2/(1+np.exp(-12*(x-1/2)))"
   ],
   "metadata": {
    "collapsed": false
   }
  },
  {
   "cell_type": "code",
   "execution_count": null,
   "outputs": [],
   "source": [
    "# SI3 complex non-linear\n",
    "mu_0 = -1/2*varsigma_funct(x=X[:,0])*varsigma_funct(x=X[:,1])\n",
    "mu_1 = 1/2*varsigma_funct(x=X[:,0])*varsigma_funct(x=X[:,1])\n",
    "tau = mu_1 - mu_0"
   ],
   "metadata": {
    "collapsed": false
   }
  },
  {
   "cell_type": "code",
   "execution_count": null,
   "outputs": [],
   "source": [
    "#############################################"
   ],
   "metadata": {
    "collapsed": false
   }
  },
  {
   "cell_type": "code",
   "execution_count": null,
   "outputs": [],
   "source": [
    "# SI4 no treatment effect (global linear response)\n",
    "betas_noT = random.uniform(low=-15, high=15, size=d)\n",
    "mu_0 = np.matmul(X,betas_noT)\n",
    "mu_1 = mu_0\n",
    "tau = np.zeros(N)"
   ],
   "metadata": {
    "collapsed": false
   }
  },
  {
   "cell_type": "code",
   "execution_count": null,
   "outputs": [],
   "source": [
    "###########################################"
   ],
   "metadata": {
    "collapsed": false
   }
  },
  {
   "cell_type": "code",
   "execution_count": null,
   "outputs": [],
   "source": [
    "# SI5 no treatment effect (piecewise linear response)\n",
    "betas = np.random.uniform(low=-15, high=15, size=d)\n",
    "\n",
    "betas_l = copy.copy(betas) # betas_lower\n",
    "betas_l[5:d] = 0\n",
    "\n",
    "betas_m = copy.copy(betas) #betas_middle\n",
    "betas_m[0:5] = 0\n",
    "betas_m[10:d] = 0\n",
    "\n",
    "betas_u = copy.copy(betas) #betas_upper\n",
    "betas_u[0:10] = 0\n",
    "betas_u[15:d] = 0\n",
    "\n",
    "def piecewise_linear_new(x):\n",
    "    condition_l = x[:, 19] < -0.4\n",
    "    condition_u = x[:, 19] > 0.4\n",
    "\n",
    "    array = np.zeros(N)\n",
    "    array[condition_l] = np.matmul(x[condition_l, :], betas_l)\n",
    "    array[~condition_l & ~condition_u] = np.matmul(x[~condition_l & ~condition_u, :], betas_m)\n",
    "    array[condition_u] = np.matmul(x[condition_u, :], betas_u)\n",
    "\n",
    "    return array\n",
    "\n",
    "mu_0 = piecewise_linear_new(X)\n",
    "\n",
    "mu_1 = mu_0\n",
    "\n",
    "tau = np.zeros(N)\n",
    "\n",
    "# TODO: CHECK IF RIGHT"
   ],
   "metadata": {
    "collapsed": false
   }
  },
  {
   "cell_type": "code",
   "execution_count": null,
   "outputs": [],
   "source": [
    "##########################################"
   ],
   "metadata": {
    "collapsed": false
   }
  },
  {
   "cell_type": "code",
   "execution_count": null,
   "outputs": [],
   "source": [
    "# SI6.1 beta confounded, no treatment effect\n",
    "X = random.uniform(low=0, high=1, size=(N,d)) # ACHTUNG: nöd wiederhole!\n",
    "mu_0 = 2*X[:,0] - 1\n",
    "mu_1 = mu_0\n",
    "tau = np.zeros(N)\n"
   ],
   "metadata": {
    "collapsed": false
   }
  },
  {
   "cell_type": "code",
   "execution_count": null,
   "outputs": [],
   "source": [
    "# SI6.2 beta confounded, simple cate (indicator)\n",
    "X = random.uniform(low=0, high=1, size=(N,d))\n",
    "mu_0 = 2*X[:,0] - 1\n",
    "mu_1 = mu_0 + 2*np.int8(X[:,1]>0.4)\n",
    "tau = mu_1 - mu_0\n",
    "tau"
   ],
   "metadata": {
    "collapsed": false
   }
  },
  {
   "cell_type": "code",
   "execution_count": null,
   "outputs": [],
   "source": [
    "# SI6.3 beta confounded, simple cate (linear)\n",
    "X = random.uniform(low=0, high=1, size=(N,d))\n",
    "mu_0 = 2*X[:,0] - 1\n",
    "mu_1 = mu_0 + 2*X[:,1]\n",
    "tau = mu_1 - mu_0\n"
   ],
   "metadata": {
    "collapsed": false
   }
  },
  {
   "cell_type": "code",
   "execution_count": null,
   "outputs": [],
   "source": [
    "# SI6.4 beta confounded, simple cate (quadratic)\n",
    "X = random.uniform(low=0, high=1, size=(N,d))\n",
    "mu_0 = 2*X[:,0] - 1\n",
    "mu_1 = mu_0 + 2*(X[:,1]**2)\n",
    "tau = mu_1 - mu_0\n",
    "tau"
   ],
   "metadata": {
    "collapsed": false
   }
  },
  {
   "cell_type": "code",
   "execution_count": null,
   "outputs": [],
   "source": [
    "##################################"
   ],
   "metadata": {
    "collapsed": false
   }
  },
  {
   "cell_type": "code",
   "execution_count": null,
   "outputs": [],
   "source": [
    "# SI7.1 beta confounded, complex cate (linear)\n",
    "betas = random.uniform(low=-15, high=15, size=d)\n",
    "\n",
    "mu_0 = 2*X[:,0] - 1\n",
    "mu_1 = mu_0 + np.matmul(X,betas)\n",
    "tau = mu_1 - mu_0\n",
    "\n",
    "# TODO: CHECK WHETHER THIS SETUP MAKES SENSE"
   ],
   "metadata": {
    "collapsed": false
   }
  },
  {
   "cell_type": "code",
   "execution_count": null,
   "outputs": [],
   "source": [
    "# SI7.2 beta confounded, complex cate (non-linear)\n",
    "mu_0 = 2*X[:,0] - 1\n",
    "mu_1 = mu_0 + 1/2*varsigma_funct(x=X[:,0])*varsigma_funct(x=X[:,1])\n",
    "\n",
    "# TODO: CHECK WHETER THIS SETUP MAKES SENSE"
   ],
   "metadata": {
    "collapsed": false
   }
  },
  {
   "cell_type": "code",
   "execution_count": null,
   "outputs": [],
   "source": [
    "# TODO: check relationship between mu_0 & mu_1 and see whether this makes sense\n",
    "check_values_0 = 2*X[:,0] - 1\n",
    "check_values_1 = mu_0 + 1/2*varsigma_funct(x=X[:,0])*varsigma_funct(x=X[:,1])\n",
    "check_values_2 = mu_0 + np.matmul(X,betas)\n",
    "\n",
    "plt.plot(check_values_0, check_values_1, 'bo')\n",
    "plt.show()"
   ],
   "metadata": {
    "collapsed": false
   }
  },
  {
   "cell_type": "code",
   "execution_count": 8,
   "outputs": [],
   "source": [
    "###################################\n",
    "# 2.3 Creat Potential Outcomes, FIX\n",
    "Y_0 = mu_0 + e_0\n",
    "Y_1 = mu_1 + e_1"
   ],
   "metadata": {
    "collapsed": false,
    "ExecuteTime": {
     "end_time": "2023-05-30T14:47:35.248471Z",
     "start_time": "2023-05-30T14:47:35.229374Z"
    }
   }
  },
  {
   "cell_type": "code",
   "execution_count": 9,
   "outputs": [
    {
     "data": {
