{
 "cells": [
  {
   "cell_type": "code",
   "execution_count": 1,
   "metadata": {
    "collapsed": true,
    "ExecuteTime": {
     "end_time": "2023-08-29T04:00:52.980746Z",
     "start_time": "2023-08-29T04:00:52.979164Z"
    }
   },
   "outputs": [],
   "source": [
    "# import packages\n",
    "\n",
    "import numpy as np\n",
    "from numpy import random\n",
    "from numpy import load\n",
    "\n",
    "from scipy import stats\n",
    "import pandas as pd\n",
    "import copy\n",
    "import matplotlib.pyplot as plt\n",
    "\n"
   ]
  },
  {
   "cell_type": "markdown",
   "source": [
    "# IHDP Dataset (from Fredjo.com)"
   ],
   "metadata": {
    "collapsed": false
   }
  },
  {
   "cell_type": "code",
   "execution_count": null,
   "outputs": [],
   "source": [
    "# IHDP-100 (train), IHDP-100 (test) are 100 realizations of the IHDP dataset as used in Shalit, J, Sontag, ICML, 2017.\n",
    "\n",
    "\n",
    "# Variables in the .npz x, t, yf, ycf, mu0, mu1 are:\n",
    "# covariates, treatment, factual outcome, counterfactual outcome, and noiseless potential outcomes respectively.\n",
    "ihdp_realisations = 100"
   ],
   "metadata": {
    "collapsed": false
   }
  },
  {
   "cell_type": "code",
   "execution_count": 2,
   "outputs": [
    {
     "data": {
      "text/plain": "['ate', 'mu1', 'mu0', 'yadd', 'yf', 'ycf', 't', 'x', 'ymul']"
     },
     "execution_count": 2,
     "metadata": {},
     "output_type": "execute_result"
    }
   ],
   "source": [
    "# 100 realisations of IHDP train set (672 units)\n",
    "ihdp_train = load('/Users/arberimbibaj/Downloads/ihdp_npci_1-100.train.npz')\n",
    "files_train = ihdp_train.files\n",
    "files_train"
   ],
   "metadata": {
    "collapsed": false,
    "ExecuteTime": {
     "end_time": "2023-08-29T04:00:57.465564Z",
     "start_time": "2023-08-29T04:00:57.403220Z"
    }
   }
  },
  {
   "cell_type": "code",
   "execution_count": null,
   "outputs": [],
   "source": [
    "# 100 realisations of IHDP test set (72 units)\n",
    "ihdp_test = load('/Users/arberimbibaj/Downloads/ihdp_npci_1-100.test.npz')\n",
    "files_test = ihdp_test.files\n",
    "files_test"
   ],
   "metadata": {
    "collapsed": false
   }
  },
  {
   "cell_type": "code",
   "execution_count": 3,
   "outputs": [
    {
     "data": {
      "text/plain": "array(4)"
     },
     "execution_count": 3,
     "metadata": {},
     "output_type": "execute_result"
    }
   ],
   "source": [
    "# for example\n",
    "ihdp_train['ate'] # 4 is the ATE (Average Treatment Effect)"
   ],
   "metadata": {
    "collapsed": false,
    "ExecuteTime": {
     "end_time": "2023-08-29T04:00:59.301345Z",
     "start_time": "2023-08-29T04:00:59.298226Z"
    }
   }
  },
  {
   "cell_type": "code",
   "execution_count": 4,
   "outputs": [
    {
     "data": {
      "text/plain": "array([[ 5.85663227,  8.36324396,  7.83226708, ..., 27.10484002,\n        14.12632834, 13.28138412],\n       [ 6.6232255 ,  8.32414254,  6.23321083, ..., 26.00892602,\n        14.00359421, 13.88138412],\n       [ 5.89038603,  8.18072925,  7.65255021, ..., 26.5683658 ,\n        14.87316392, 13.18138412],\n       ...,\n       [ 6.15950183,  8.38250611,  7.51245583, ..., 26.30633584,\n        13.47191472, 13.28138412],\n       [ 6.02161722,  8.05375981,  7.39264458, ..., 26.3935483 ,\n        13.64436608, 13.28138412],\n       [ 6.51909465,  8.64340469,  6.7129277 , ..., 27.76386043,\n        14.46778387, 13.28138412]])"
     },
     "execution_count": 4,
     "metadata": {},
     "output_type": "execute_result"
    }
   ],
   "source": [
    "ihdp_train['mu1'] # 672 * 100 matrix,"
   ],
   "metadata": {
    "collapsed": false,
    "ExecuteTime": {
     "end_time": "2023-08-29T04:01:00.749237Z",
     "start_time": "2023-08-29T04:01:00.744086Z"
    }
   }
  },
  {
   "cell_type": "code",
   "execution_count": null,
   "outputs": [],
   "source": [
    "ihdp_train['mu0'] # 672 * 100 matrix"
   ],
   "metadata": {
    "collapsed": false
   }
  },
  {
   "cell_type": "code",
   "execution_count": null,
   "outputs": [],
   "source": [
    "75 + 672"
   ],
   "metadata": {
    "collapsed": false
   }
  },
  {
   "cell_type": "code",
   "execution_count": null,
   "outputs": [],
   "source": [
    "ihdp_test['mu0']"
   ],
   "metadata": {
    "collapsed": false
   }
  },
  {
   "cell_type": "code",
   "execution_count": null,
   "outputs": [],
   "source": [
    "ihdp_train['yadd'] # it is a 0, TODO: what does that mean ???"
   ],
   "metadata": {
    "collapsed": false
   }
  },
  {
   "cell_type": "code",
   "execution_count": null,
   "outputs": [],
   "source": [
    "ihdp_train['yf'] # 672 * 100, y_factuals"
   ],
   "metadata": {
    "collapsed": false
   }
  },
  {
   "cell_type": "code",
   "execution_count": null,
   "outputs": [],
   "source": [
    "ihdp_train['ycf']"
   ],
   "metadata": {
    "collapsed": false
   }
  },
  {
   "cell_type": "code",
   "execution_count": null,
   "outputs": [],
   "source": [
    "ihdp_train['t'] # 672 * 100, treatment assigment"
   ],
   "metadata": {
    "collapsed": false
   }
  },
  {
   "cell_type": "code",
   "execution_count": null,
   "outputs": [],
   "source": [
    "ihdp_train['ymul'] # it is = 1, TODO: what does that mean ???"
   ],
   "metadata": {
    "collapsed": false
   }
  },
  {
   "cell_type": "code",
   "execution_count": 16,
   "outputs": [
    {
     "data": {
      "text/plain": "array([ 0.31658816,  0.18689133,  0.53274953,  0.29497202, -0.54805735,\n       -1.13169306, -0.31027983, -0.9803801 ,  0.10042678,  1.06450652,\n        0.68406249,  0.46790112,  0.42466884, -1.23977375, -2.03957084,\n        0.31658816, -0.52860282, -0.16977494, -0.20219914, -0.95876396,\n        0.01396223, -1.97472242, -0.28866369,  0.38143657,  0.23012361,\n        0.42683046, -0.65613803,  0.70567863, -0.41836052, -0.00765391,\n       -2.32058062, -2.16926766, -0.4615928 ,  0.38143657, -0.24543142,\n        1.41901117,  1.48385958,  0.74891091, -1.52078354,  1.33254662,\n        0.23012361, -0.22381528,  1.44062731, -0.39674438, -0.15896687,\n       -1.80179332, -1.43431899,  1.41901117, -0.0379165 , -2.25573221,\n       -1.73694491,  1.44062731,  0.48951726, -1.39108671,  0.64083022,\n       -1.17492533,  0.46790112,  0.42466884,  1.3757789 ,  0.12204292,\n        0.87860773, -0.26704756, -2.08280311,  0.64083022, -0.54805735,\n       -1.47755126, -0.54805735,  1.39739503,  0.77052704,  0.18689133,\n        0.77052704,  0.77052704,  0.18689133, -1.04522851, -0.07250232,\n        1.09476911, -0.43997666,  0.23012361,  0.07881064,  0.90022387,\n        0.20850747, -1.41270285,  1.22446593, -0.39674438,  1.09476911,\n       -0.18058301,  1.0299207 , -1.73694491, -2.51512586,  0.20850747,\n       -1.95310629, -1.13169306, -1.82340946,  0.88076935,  0.72729477,\n        1.15961752,  0.01396223,  1.41901117,  0.01396223,  0.96507228,\n       -0.6345219 , -1.43431899, -0.22381528, -1.08846078,  1.35416276,\n        0.38143657,  0.74891091, -0.24543142, -0.807451  ,  1.15961752,\n       -0.89391555,  0.51113339, -1.82340946, -1.28300602,  0.40305271,\n        0.3706285 ,  1.18123366,  0.51113339, -0.50482507, -0.05088618,\n        1.15961752,  0.42466884,  0.83537546, -0.24543142,  1.31093048,\n       -0.65613803, -1.52078354, -1.65048036,  0.25173974, -1.06684465,\n       -0.15896687,  1.46224345,  0.46790112,  0.81375932, -0.24543142,\n        0.20850747, -1.87528819, -0.74260258,  1.50547572,  0.64083022,\n        1.50547572, -0.87229941, -0.61290576, -1.90987401,  0.66244636,\n        1.15961752, -1.45593512,  0.31658816, -0.11573459, -0.72098645,\n        0.96507228,  0.66244636,  0.61921408,  0.77052704, -0.85068327,\n       -0.31027983,  0.51113339, -2.25573221, -0.05953264,  1.48385958,\n        0.46790112, -0.82906713,  0.24093168, -1.00199623, -0.34486565,\n        1.28931435, -0.72098645,  1.1877185 ,  0.72729477, -0.00765391,\n        1.13800138, -0.85068327,  1.2028498 ,  0.46790112, -1.19654147,\n       -1.23977375,  0.33820429,  1.00830456,  1.33254662,  0.51113339,\n       -0.65613803,  0.10042678,  1.39739503, -1.93149015,  0.81375932,\n        0.74891091, -0.6193906 ,  0.66244636,  1.44062731, -0.56967348,\n       -1.36947057, -2.27734835, -0.26704756, -0.00765391, -1.71532877,\n       -1.82340946,  1.18123366,  1.15961752, -0.15896687,  0.53274953,\n       -0.15896687,  1.32606178,  0.8569916 ,  1.44062731, -1.28300602,\n        1.50547572,  0.18689133,  0.31658816, -1.06684465,  0.20850747,\n       -1.95310629, -1.28300602,  1.11638525, -1.28300602, -1.6720965 ,\n       -0.0379165 , -1.11007692, -0.00765391,  0.31658816, -0.28866369,\n        0.51113339,  0.75971898,  0.96507228,  1.35416276, -1.28300602,\n        0.10042678, -0.89391555,  0.29497202, -2.29896449, -0.09411846,\n       -0.56967348, -1.71532877,  1.07315297, -0.15896687, -0.27785563,\n        0.40305271, -0.05088618, -1.90987401, -0.2108456 , -0.00765391,\n        0.35982043,  0.55436567,  0.79214318,  0.07881064,  0.14365906,\n       -0.22381528,  1.18123366,  0.53274953, -1.80179332,  0.35982043,\n        1.07315297, -0.4615928 ,  0.05719451, -0.43997666, -1.99633856,\n       -1.08846078, -1.73694491, -0.69937031,  0.16527519, -2.1908838 ,\n        0.92184001, -0.54805735, -0.43997666,  0.94345615, -0.91553168,\n        0.40305271,  1.05153683,  0.33820429, -0.00765391,  0.25173974,\n        0.51329501,  1.05153683,  1.26769821, -0.33189597,  1.39739503,\n        0.96507228, -0.4615928 ,  1.34335469,  0.35982043,  0.87860773,\n       -0.9803801 ,  1.2028498 , -0.43997666,  0.44628498, -0.85068327,\n       -0.93714782,  1.12719331,  0.83537546,  0.81375932,  0.98668842,\n        0.81375932, -0.56967348, -1.00199623,  0.35982043,  0.96507228,\n       -0.11573459, -1.43431899,  0.53274953, -0.39674438, -0.9803801 ,\n        0.12204292,  0.12204292, -2.08280311, -0.78583486, -0.39674438,\n       -0.74260258,  0.66244636,  0.14365906,  0.87860773, -0.07250232,\n       -0.35351211,  0.20850747,  1.24608207, -1.86664174,  1.15961752,\n       -0.02927004, -0.1481588 , -0.06169425,  0.92184001, -0.48320893,\n        0.18689133,  0.77052704, -1.82340946, -1.08846078,  0.39008302,\n       -0.54805735,  0.81375932,  1.33254662,  1.35416276, -0.15896687,\n        1.18123366, -2.29896449,  0.90022387,  0.70567863,  0.98668842,\n       -1.06684465,  1.33254662,  0.12204292,  1.33254662, -1.21815761,\n       -0.61290576,  1.26769821, -0.67775417, -2.08280311,  0.66244636,\n        1.46224345, -0.69937031,  0.90022387,  0.18689133, -0.31027983,\n        0.79214318, -1.58563195, -0.91553168, -1.08846078, -0.48320893,\n        1.26769821, -0.18058301,  0.94345615, -0.26704756, -0.31027983,\n        1.0299207 , -0.00765391,  0.8569916 ,  0.16527519,  0.8569916 ,\n        1.15961752,  1.00830456, -1.04522851, -1.78017719, -1.28300602,\n       -0.72098645, -1.6720965 ,  0.20850747, -1.95310629,  1.2028498 ,\n        1.22446593,  1.13800138,  0.07881064, -0.67775417,  1.05153683,\n       -1.56401581,  0.53274953, -0.59128962, -0.74260258, -1.95310629,\n        0.64083022, -0.43997666,  1.22446593,  0.35982043, -1.28300602,\n        1.07315297, -0.50482507,  0.57598181, -1.21815761, -0.41836052,\n       -2.1908838 ,  0.20850747, -1.62886422,  1.11638525,  0.79214318,\n       -0.07250232,  0.14582067,  1.41901117,  1.00830456, -2.06118697,\n        0.33820429,  1.3757789 ,  0.31658816,  1.05153683,  1.18123366,\n        0.23012361,  0.18689133, -0.78583486,  0.74891091, -0.33189597,\n        0.24309329, -0.28866369,  0.8569916 ,  0.70567863, -2.16926766,\n       -1.56401581,  0.83537546, -0.13735073,  0.28416395, -0.39674438,\n       -1.73694491,  0.31658816, -1.04522851,  1.2028498 ,  0.05719451,\n        1.35416276,  0.33820429,  0.77052704, -0.78583486,  0.83537546,\n        0.35982043, -0.02927004, -0.07250232, -0.22381528, -0.18058301,\n       -1.3586625 , -0.13735073, -0.39674438, -0.65613803,  1.15961752,\n       -1.45593512,  1.15961752,  1.15961752,  0.27335588,  1.24608207,\n        0.18689133,  1.50547572, -0.02927004,  0.26254781,  0.02260869,\n        1.48385958, -1.45593512, -1.17492533, -0.13735073,  0.07881064,\n        0.72729477, -1.21815761,  0.57598181,  1.06450652, -0.95876396,\n        0.44628498,  0.33820429, -0.35351211,  0.70567863,  0.72729477,\n        0.74891091, -0.78583486, -0.28866369, -0.87229941,  0.38143657,\n        0.92184001,  0.66244636,  0.07881064, -1.95310629,  0.48951726,\n        1.15961752,  0.33820429,  0.44628498,  0.83537546,  1.41901117,\n       -1.86664174, -1.1533092 , -0.48320893,  0.25173974,  1.13800138,\n        0.79214318, -0.74260258,  1.2028498 , -0.15896687,  0.96507228,\n        1.1877185 , -1.28300602, -1.23977375,  0.23012361, -0.05088618,\n       -0.22381528,  0.96507228, -0.31027983, -0.35351211,  0.07881064,\n       -2.45027745,  1.31093048,  0.72729477, -0.33189597,  0.59759794,\n        0.81375932,  0.94345615, -0.56967348,  1.26769821,  0.72729477,\n        0.33820429,  1.24608207,  0.59759794,  0.23012361,  0.51113339,\n        1.09476911,  1.48385958,  0.07881064, -1.32407668,  1.35416276,\n       -0.13735073,  0.72729477, -1.71532877,  0.66244636,  0.55436567,\n       -0.48320893, -0.15896687,  0.20850747, -2.0179547 , -1.93149015,\n        0.98668842,  0.40305271, -0.48320893, -0.20219914, -0.76421872,\n       -0.91553168, -1.26138988, -2.73128724, -1.82340946,  0.39224464,\n       -0.85068327,  0.40305271,  1.31093048,  0.48951726,  1.39739503,\n        0.66244636,  1.2028498 ,  0.01396223, -1.30462216,  0.14365906,\n       -0.09411846,  0.59759794, -0.52644121,  0.81375932,  1.28931435,\n        0.12204292, -0.93714782,  0.25173974, -1.21815761, -0.28866369,\n       -0.56967348, -1.45593512,  0.42466884, -0.20219914,  0.70567863,\n       -1.02361237, -0.37512825, -2.12603539,  0.16527519,  0.96507228,\n        0.72729477,  0.42466884,  1.09476911, -2.16926766,  1.00830456,\n       -0.18058301, -1.90987401,  1.22230432, -0.76421872, -0.78583486,\n        0.23012361,  1.41901117,  0.16527519, -1.8450256 , -0.50482507,\n        0.26903265,  0.81375932,  1.13800138,  0.31658816, -1.60724809,\n        1.41901117,  0.42466884,  0.74891091,  0.75971898, -0.89391555,\n       -0.37512825, -1.93149015,  1.38658697,  0.8569916 ,  1.05153683,\n        0.42466884,  0.87860773, -0.95876396,  0.72729477, -1.85367205,\n       -1.65048036, -1.58563195,  0.42466884,  1.50547572,  1.28931435,\n       -0.11573459, -0.11573459, -0.05088618, -0.67775417,  0.42466884,\n       -1.44296544,  1.18123366,  0.40305271, -0.52644121, -0.00765391,\n        0.8569916 , -1.26138988,  0.12204292,  1.2028498 ,  0.07881064,\n       -0.82906713, -1.04522851,  0.96507228,  0.05719451,  0.92184001,\n        0.12204292, -0.31027983, -0.52644121,  0.16527519, -0.91553168,\n        0.48951726,  0.57598181, -1.02361237,  0.94345615,  0.72729477,\n        1.44062731,  1.18123366, -0.39674438,  0.8569916 ,  0.25173974,\n        0.94345615,  0.27335588, -1.04522851,  0.25173974, -0.28866369,\n        1.39739503,  0.80295125, -0.31027983,  0.31658816,  1.24608207,\n        0.72729477, -1.75856105, -0.13735073, -0.43997666, -1.3262383 ,\n       -0.78583486,  0.10042678, -1.86664174, -0.11573459,  0.63218376,\n        0.10042678,  0.81375932])"
     },
     "execution_count": 16,
     "metadata": {},
     "output_type": "execute_result"
    }
   ],
   "source": [
    "ihdp_train['x'][:,0][:,0] # X1 for all units, 100 realisations"
   ],
   "metadata": {
    "collapsed": false,
    "ExecuteTime": {
     "end_time": "2023-08-29T04:01:59.848275Z",
     "start_time": "2023-08-29T04:01:59.826582Z"
    }
   }
  },
  {
   "cell_type": "code",
   "execution_count": null,
   "outputs": [],
   "source": [
    "# cate per realisation\n",
    "ihdp_train['mu1'] - ihdp_train['mu0']"
   ],
   "metadata": {
    "collapsed": false
   }
  },
  {
   "cell_type": "code",
   "execution_count": null,
   "outputs": [],
   "source": [
    "len(ihdp_train['x']) # 672 units (observations) in train set"
   ],
   "metadata": {
    "collapsed": false
   }
  },
  {
   "cell_type": "code",
   "execution_count": null,
   "outputs": [],
   "source": [
    "ihdp_train['x'][671,24] # 25 rows --> the 25 features"
   ],
   "metadata": {
    "collapsed": false
   }
  },
  {
   "cell_type": "code",
   "execution_count": null,
   "outputs": [],
   "source": [
    "ihdp_train['x'][0]"
   ],
   "metadata": {
    "collapsed": false
   }
  },
  {
   "cell_type": "markdown",
   "source": [
    "make it the same as synthetic data"
   ],
   "metadata": {
    "collapsed": false
   }
  },
  {
   "cell_type": "code",
   "execution_count": null,
   "outputs": [],
   "source": [
    "# This will be all the \"datasets\", i.e. all simulation setups * simulation runs\n",
    "ihdp_train_processed = []\n",
    "ihdp_train_x = []\n",
    "for i in range(ihdp_realisations):\n",
    "    ihdp_train_processed.append([])\n",
    "    ihdp_train_x.append([])"
   ],
   "metadata": {
    "collapsed": false
   }
  },
  {
   "cell_type": "code",
   "execution_count": null,
   "outputs": [],
   "source": [
    "# y_factual, x, treatment, tau\n",
    "ihdp_train_tau = ihdp_train['mu1'] - ihdp_train['mu0']\n",
    "ihdp_train_tau"
   ],
   "metadata": {
    "collapsed": false
   }
  },
  {
   "cell_type": "code",
   "execution_count": null,
   "outputs": [],
   "source": [
    "# pre-process x --> make it a list, each entry beeing one realisation, containing all features\n",
    "for i in range(ihdp_realisations):\n",
    "    realisation = np.zeros(shape=(672,25))\n",
    "    for n in range(672):\n",
    "        realisation[n,:] = ihdp_train['x'][n][:,i][:,np.newaxis].T\n",
    "    ihdp_train_x[i] = realisation"
   ],
   "metadata": {
    "collapsed": false
   }
  },
  {
   "cell_type": "code",
   "execution_count": null,
   "outputs": [],
   "source": [
    "# concatenate [y, x, t, tau]\n",
    "for i in range(ihdp_realisations):\n",
    "    temporary_set = np.concatenate((np.expand_dims(ihdp_train['yf'][:, i], axis=1)\n",
    ", ihdp_train_x[i], np.expand_dims(ihdp_train['t'][:,i], axis=1), np.expand_dims(ihdp_train_tau[:,i], axis=1)), axis=1)\n",
    "    ihdp_train_processed[i] = temporary_set\n",
    "\n",
    "ihdp_train_processed"
   ],
   "metadata": {
    "collapsed": false
   }
  },
  {
   "cell_type": "code",
   "execution_count": null,
   "outputs": [],
   "source": [
    "# save the proscessed training data\n",
    "np.save('/Users/arberimbibaj/Documents/Master Thesis ETH/DataSets /IHDP',ihdp_train_processed)"
   ],
   "metadata": {
    "collapsed": false
   }
  },
  {
   "cell_type": "code",
   "execution_count": 20,
   "outputs": [
    {
     "data": {
      "text/plain": "array([[ 1.93856829,  0.31658816,  0.59658219, ...,  0.        ,\n         0.        ,  4.65168933],\n       [ 3.89968653,  0.18689133,  0.19681812, ...,  1.        ,\n         0.        ,  4.02968109],\n       [ 2.40589425,  0.53274953,  0.19681812, ...,  0.        ,\n         0.        ,  4.64407754],\n       ...,\n       [ 0.60122589,  0.63218376,  0.99634625, ...,  0.        ,\n         0.        ,  4.52832494],\n       [ 3.93920095,  0.10042678, -0.07717767, ...,  1.        ,\n         1.        ,  4.6005372 ],\n       [ 2.60919184,  0.81375932,  0.59658219, ...,  0.        ,\n         0.        ,  4.18203264]])"
     },
     "execution_count": 20,
     "metadata": {},
     "output_type": "execute_result"
    }
   ],
   "source": [
    "# load check\n",
    "train = load('/Users/arberimbibaj/Documents/Master Thesis ETH/DataSets /IHDP/ihdp_train_processed.npy')\n",
    "train[0]"
   ],
   "metadata": {
    "collapsed": false,
    "ExecuteTime": {
     "end_time": "2023-08-29T04:03:17.976094Z",
     "start_time": "2023-08-29T04:03:17.954630Z"
    }
   }
  },
  {
   "cell_type": "code",
   "execution_count": 22,
   "outputs": [
    {
     "data": {
      "text/plain": "array([[ 1.00000000e+00,  4.75543241e-02,  4.48845920e-02,\n        -3.30388668e-03,  1.07248968e-01, -8.60247480e-02,\n         5.01389770e-01, -4.36939584e-02,  1.02822391e-02,\n         2.07081428e-01, -1.77896735e-01, -6.45982069e-02,\n         7.52743757e-02,  1.41152272e-02, -5.59856881e-02,\n         2.09219920e-01, -8.49561688e-02,  1.79871564e-01,\n         5.22755109e-02, -1.63472669e-02, -1.73045879e-02,\n         7.52233868e-02, -1.20427334e-01, -1.00430057e-01,\n        -1.16183635e-01,  1.31860707e-01,  7.10796959e-01,\n        -5.14779327e-01],\n       [ 4.75543241e-02,  1.00000000e+00,  8.48132297e-01,\n        -7.59501153e-01,  3.54950176e-02, -1.13126834e-02,\n        -2.31145504e-03, -4.80372140e-02, -2.91854718e-02,\n         1.89736371e-02, -4.47413121e-03, -3.34642013e-02,\n         3.89500900e-02, -7.58624856e-02, -6.21266155e-02,\n         1.17339565e-02,  1.72397877e-02,  2.34836671e-02,\n        -1.44990643e-03,  5.73539702e-02,  2.71945084e-02,\n        -4.88256834e-02, -4.41168057e-02,  1.07010814e-02,\n        -3.50939564e-02,  4.73911081e-02,  8.23657431e-02,\n         4.81909108e-03],\n       [ 4.48845920e-02,  8.48132297e-01,  1.00000000e+00,\n        -6.94522918e-01,  4.23699457e-02,  4.17006179e-02,\n         1.78797700e-02, -1.23957126e-01,  4.99025847e-02,\n         5.26424848e-02, -1.60083469e-02, -3.55423232e-02,\n         4.23663624e-02, -7.13106256e-02, -6.36110778e-02,\n         3.13489603e-02,  1.68582397e-02,  3.06221819e-02,\n         1.23556960e-02,  8.90854964e-02,  1.78881674e-02,\n         4.61580703e-02, -4.19170230e-02, -4.41821933e-02,\n        -6.34744815e-02, -1.66211823e-02,  6.21992643e-02,\n         9.66609646e-04],\n       [-3.30388668e-03, -7.59501153e-01, -6.94522918e-01,\n         1.00000000e+00, -2.96141943e-02, -2.32656357e-01,\n         3.41504444e-02, -6.04063135e-03, -1.45108679e-02,\n         1.65117093e-02, -2.15447274e-02,  2.60517304e-02,\n        -4.32363674e-02,  1.07833579e-02,  4.41263279e-02,\n        -4.72874875e-02,  2.12130546e-02, -4.50260178e-02,\n         1.29412450e-02, -6.39540603e-03,  4.42501593e-02,\n         5.59378659e-02,  3.06290069e-02, -6.84196823e-02,\n        -3.54013421e-02, -6.54412317e-02, -1.88993381e-02,\n        -4.42441698e-03],\n       [ 1.07248968e-01,  3.54950176e-02,  4.23699457e-02,\n        -2.96141943e-02,  1.00000000e+00, -5.03930902e-02,\n         2.30415167e-01, -8.05783650e-02,  1.04545661e-01,\n        -2.79944803e-02,  6.88475727e-02,  9.17641507e-02,\n        -5.32739223e-02,  1.28634603e-01, -8.17251090e-01,\n        -2.04915539e-02, -3.99773561e-02, -1.45013724e-01,\n        -1.30080718e-01,  5.38094209e-02,  6.13109226e-02,\n        -1.46853746e-01,  1.15698475e-01, -7.40961190e-03,\n         8.56964852e-02, -4.50165541e-02, -1.18223519e-01,\n        -3.69118033e-01],\n       [-8.60247480e-02, -1.13126834e-02,  4.17006179e-02,\n        -2.32656357e-01, -5.03930902e-02,  1.00000000e+00,\n        -1.23295581e-01,  1.27063004e-01,  1.13350338e-02,\n        -7.95270416e-02,  1.81249487e-02, -1.71968312e-03,\n         5.36573478e-02,  3.38001554e-02,  7.53269936e-02,\n         1.56732500e-02, -3.35399796e-02,  1.35819543e-02,\n         4.28092093e-03,  2.82984607e-03, -3.21977305e-02,\n         1.05247456e-02, -1.98236792e-02, -9.97396235e-03,\n         2.41210689e-02,  6.85119255e-03, -6.26679228e-02,\n         8.81005073e-02],\n       [ 5.01389770e-01, -2.31145504e-03,  1.78797700e-02,\n         3.41504444e-02,  2.30415167e-01, -1.23295581e-01,\n         1.00000000e+00, -7.27877039e-02,  4.03232497e-02,\n         3.95143020e-01, -4.05210219e-01, -7.20928844e-02,\n         1.94335322e-01, -5.50398629e-02, -1.99680108e-01,\n         1.34818844e-01,  3.84045486e-04,  2.59029490e-01,\n         1.02976912e-01, -2.84815817e-02,  5.81752959e-02,\n         1.71963896e-01, -1.44004737e-01, -8.22454193e-02,\n        -2.22189342e-01,  1.09343280e-01,  9.17061197e-02,\n        -7.95902127e-01],\n       [-4.36939584e-02, -4.80372140e-02, -1.23957126e-01,\n        -6.04063135e-03, -8.05783650e-02,  1.27063004e-01,\n        -7.27877039e-02,  1.00000000e+00,  1.96195892e-02,\n        -9.12194019e-03,  4.01900950e-03,  1.47250657e-03,\n         2.69943816e-02, -4.25620167e-02,  6.29673112e-02,\n        -3.11061961e-02, -3.02674005e-02,  1.76216047e-02,\n        -7.27781297e-03,  3.17117324e-03, -1.44457204e-02,\n         2.91240500e-03, -6.31706691e-03,  6.09578008e-02,\n         7.27557746e-02, -2.56133113e-02,  2.43951516e-03,\n         7.25183721e-02],\n       [ 1.02822391e-02, -2.91854718e-02,  4.99025847e-02,\n        -1.45108679e-02,  1.04545661e-01,  1.13350338e-02,\n         4.03232497e-02,  1.96195892e-02,  1.00000000e+00,\n         2.21992989e-02, -4.25586194e-02,  8.57139052e-03,\n         1.98464170e-03, -4.54074358e-02, -1.59101012e-01,\n        -8.50842441e-02,  3.72961634e-02,  9.07264295e-02,\n         8.32883605e-03,  5.41632373e-02, -4.10274178e-04,\n         9.80676966e-03, -2.01535941e-02,  5.72102097e-03,\n        -5.94856364e-03, -4.15027756e-02, -4.45228573e-02,\n        -5.63216165e-02],\n       [ 2.07081428e-01,  1.89736371e-02,  5.26424848e-02,\n         1.65117093e-02, -2.79944803e-02, -7.95270416e-02,\n         3.95143020e-01, -9.12194019e-03,  2.21992989e-02,\n         1.00000000e+00, -3.68326002e-01, -2.03942157e-02,\n         1.75678477e-01, -1.65813253e-01,  4.98647260e-03,\n         2.28711542e-02,  8.92606926e-02,  2.15968332e-01,\n         9.83659509e-02,  1.56116636e-02, -1.34008349e-01,\n         1.79324735e-01, -1.75508050e-01, -1.24041492e-01,\n        -1.15090636e-01,  1.93092542e-01,  1.22123037e-01,\n        -2.02973340e-01],\n       [-1.77896735e-01, -4.47413121e-03, -1.60083469e-02,\n        -2.15447274e-02,  6.88475727e-02,  1.81249487e-02,\n        -4.05210219e-01,  4.01900950e-03, -4.25586194e-02,\n        -3.68326002e-01,  1.00000000e+00, -4.59826025e-01,\n        -3.96966622e-01,  1.01505009e-01, -3.17437674e-02,\n        -5.04213273e-02, -7.73071380e-02, -3.27063922e-01,\n        -1.83242551e-01, -1.11773266e-02,  1.03688697e-01,\n        -1.98260462e-01,  1.42116740e-01, -1.24834314e-02,\n         2.07064712e-01, -8.68377107e-02, -7.69429175e-02,\n         1.13764334e-01],\n       [-6.45982069e-02, -3.34642013e-02, -3.55423232e-02,\n         2.60517304e-02,  9.17641507e-02, -1.71968312e-03,\n        -7.20928844e-02,  1.47250657e-03,  8.57139052e-03,\n        -2.03942157e-02, -4.59826025e-01,  1.00000000e+00,\n        -3.32859006e-01,  7.57163061e-02, -9.80200713e-02,\n         5.37523961e-03,  2.12658863e-02,  4.27438319e-02,\n         8.69682669e-02,  2.59794964e-02, -8.12033137e-02,\n        -1.95652781e-02, -1.58082572e-02,  4.77471798e-02,\n         2.59794964e-02,  3.56804578e-02, -1.91289618e-02,\n         1.14246339e-01],\n       [ 7.52743757e-02,  3.89500900e-02,  4.23663624e-02,\n        -4.32363674e-02, -5.32739223e-02,  5.36573478e-02,\n         1.94335322e-01,  2.69943816e-02,  1.98464170e-03,\n         1.75678477e-01, -3.96966622e-01, -3.32859006e-01,\n         1.00000000e+00, -5.80814509e-02,  3.76549127e-02,\n        -6.36510342e-02,  5.19513795e-02,  1.79642392e-01,\n         4.87243515e-02,  1.76247681e-02,  1.68231019e-02,\n         9.45556726e-02, -4.27181569e-02, -1.86754545e-02,\n        -1.39039837e-01, -1.04255791e-03,  1.42750535e-02,\n        -1.93449171e-02],\n       [ 1.41152272e-02, -7.58624856e-02, -7.13106256e-02,\n         1.07833579e-02,  1.28634603e-01,  3.38001554e-02,\n        -5.50398629e-02, -4.25620167e-02, -4.54074358e-02,\n        -1.65813253e-01,  1.01505009e-01,  7.57163061e-02,\n        -5.80814509e-02,  1.00000000e+00, -7.13538677e-02,\n         1.41869751e-01, -1.39578480e-01, -6.49641329e-02,\n        -4.97448270e-02,  4.86462481e-02, -2.03415226e-02,\n        -4.53374898e-02, -8.74339192e-02, -1.51161451e-02,\n        -5.76198278e-03,  3.60562504e-02,  2.31760624e-02,\n        -1.73021175e-02],\n       [-5.59856881e-02, -6.21266155e-02, -6.36110778e-02,\n         4.41263279e-02, -8.17251090e-01,  7.53269936e-02,\n        -1.99680108e-01,  6.29673112e-02, -1.59101012e-01,\n         4.98647260e-03, -3.17437674e-02, -9.80200713e-02,\n         3.76549127e-02, -7.13538677e-02,  1.00000000e+00,\n         1.25011601e-02, -3.22625769e-02,  1.36559879e-01,\n         8.61352924e-02, -5.85529924e-02, -5.22653105e-02,\n         1.47993340e-01, -6.76385553e-02, -4.22905762e-03,\n        -1.19651767e-01,  4.47254257e-02,  1.36123661e-01,\n         2.87754374e-01],\n       [ 2.09219920e-01,  1.17339565e-02,  3.13489603e-02,\n        -4.72874875e-02, -2.04915539e-02,  1.56732500e-02,\n         1.34818844e-01, -3.11061961e-02, -8.50842441e-02,\n         2.28711542e-02, -5.04213273e-02,  5.37523961e-03,\n        -6.36510342e-02,  1.41869751e-01,  1.25011601e-02,\n         1.00000000e+00, -1.17920061e-01,  1.37433898e-01,\n        -5.56481402e-02, -3.57579211e-02, -1.18310491e-01,\n         1.16194135e-01, -7.44039652e-02,  1.09514058e-01,\n        -4.82406863e-02,  8.51459438e-03,  6.75543601e-03,\n        -3.96191351e-01],\n       [-8.49561688e-02,  1.72397877e-02,  1.68582397e-02,\n         2.12130546e-02, -3.99773561e-02, -3.35399796e-02,\n         3.84045486e-04, -3.02674005e-02,  3.72961634e-02,\n         8.92606926e-02, -7.73071380e-02,  2.12658863e-02,\n         5.19513795e-02, -1.39578480e-01, -3.22625769e-02,\n        -1.17920061e-01,  1.00000000e+00,  4.20955670e-02,\n         4.21050699e-02,  7.93968084e-02,  8.41384708e-03,\n         4.11913809e-02, -2.45454363e-02,  2.83559321e-02,\n         1.17450900e-02, -1.85333459e-01, -4.47180967e-02,\n         8.06117192e-02],\n       [ 1.79871564e-01,  2.34836671e-02,  3.06221819e-02,\n        -4.50260178e-02, -1.45013724e-01,  1.35819543e-02,\n         2.59029490e-01,  1.76216047e-02,  9.07264295e-02,\n         2.15968332e-01, -3.27063922e-01,  4.27438319e-02,\n         1.79642392e-01, -6.49641329e-02,  1.36559879e-01,\n         1.37433898e-01,  4.20955670e-02,  1.00000000e+00,\n         3.32121476e-02,  3.69384809e-02, -1.39797670e-01,\n         1.28745169e-01, -1.12567656e-01, -4.29074477e-02,\n        -8.74858758e-02,  1.23461955e-01,  1.01214801e-01,\n        -1.08087793e-01],\n       [ 5.22755109e-02, -1.44990643e-03,  1.23556960e-02,\n         1.29412450e-02, -1.30080718e-01,  4.28092093e-03,\n         1.02976912e-01, -7.27781297e-03,  8.32883605e-03,\n         9.83659509e-02, -1.83242551e-01,  8.69682669e-02,\n         4.87243515e-02, -4.97448270e-02,  8.61352924e-02,\n        -5.56481402e-02,  4.21050699e-02,  3.32121476e-02,\n         1.00000000e+00,  3.18360204e-02,  5.54162865e-03,\n         8.26723907e-02,  3.00060794e-02, -6.24293954e-02,\n        -1.74978428e-01,  4.32002356e-02,  7.27097913e-02,\n        -3.05306282e-03],\n       [-1.63472669e-02,  5.73539702e-02,  8.90854964e-02,\n        -6.39540603e-03,  5.38094209e-02,  2.82984607e-03,\n        -2.84815817e-02,  3.17117324e-03,  5.41632373e-02,\n         1.56116636e-02, -1.11773266e-02,  2.59794964e-02,\n         1.76247681e-02,  4.86462481e-02, -5.85529924e-02,\n        -3.57579211e-02,  7.93968084e-02,  3.69384809e-02,\n         3.18360204e-02,  1.00000000e+00, -1.52621010e-01,\n        -1.66446728e-01, -1.18160248e-01, -1.13415371e-01,\n        -1.56626506e-01, -1.73182879e-01,  1.51126373e-02,\n         4.16357268e-02],\n       [-1.73045879e-02,  2.71945084e-02,  1.78881674e-02,\n         4.42501593e-02,  6.13109226e-02, -3.21977305e-02,\n         5.81752959e-02, -1.44457204e-02, -4.10274178e-04,\n        -1.34008349e-01,  1.03688697e-01, -8.12033137e-02,\n         1.68231019e-02, -2.03415226e-02, -5.22653105e-02,\n        -1.18310491e-01,  8.41384708e-03, -1.39797670e-01,\n         5.54162865e-03, -1.52621010e-01,  1.00000000e+00,\n        -1.62190094e-01, -1.15138471e-01, -1.10514937e-01,\n        -1.52621010e-01, -1.68753978e-01, -1.13758650e-01,\n        -8.48232420e-02],\n       [ 7.52233868e-02, -4.88256834e-02,  4.61580703e-02,\n         5.59378659e-02, -1.46853746e-01,  1.05247456e-02,\n         1.71963896e-01,  2.91240500e-03,  9.80676966e-03,\n         1.79324735e-01, -1.98260462e-01, -1.95652781e-02,\n         9.45556726e-02, -4.53374898e-02,  1.47993340e-01,\n         1.16194135e-01,  4.11913809e-02,  1.28745169e-01,\n         8.26723907e-02, -1.66446728e-01, -1.62190094e-01,\n         1.00000000e+00, -1.25568699e-01, -1.20526327e-01,\n        -1.66446728e-01, -1.84041159e-01,  2.70652586e-02,\n        -6.25125804e-02],\n       [-1.20427334e-01, -4.41168057e-02, -4.19170230e-02,\n         3.06290069e-02,  1.15698475e-01, -1.98236792e-02,\n        -1.44004737e-01, -6.31706691e-03, -2.01535941e-02,\n        -1.75508050e-01,  1.42116740e-01, -1.58082572e-02,\n        -4.27181569e-02, -8.74339192e-02, -6.76385553e-02,\n        -7.44039652e-02, -2.45454363e-02, -1.12567656e-01,\n         3.00060794e-02, -1.18160248e-01, -1.15138471e-01,\n        -1.25568699e-01,  1.00000000e+00, -8.55614332e-02,\n        -1.18160248e-01, -1.30650504e-01, -7.11302707e-02,\n         9.66547531e-02],\n       [-1.00430057e-01,  1.07010814e-02, -4.41821933e-02,\n        -6.84196823e-02, -7.40961190e-03, -9.97396235e-03,\n        -8.22454193e-02,  6.09578008e-02,  5.72102097e-03,\n        -1.24041492e-01, -1.24834314e-02,  4.77471798e-02,\n        -1.86754545e-02, -1.51161451e-02, -4.22905762e-03,\n         1.09514058e-01,  2.83559321e-02, -4.29074477e-02,\n        -6.24293954e-02, -1.13415371e-01, -1.10514937e-01,\n        -1.20526327e-01, -8.55614332e-02,  1.00000000e+00,\n        -1.13415371e-01, -1.25404065e-01, -1.06583310e-01,\n         4.50971585e-02],\n       [-1.16183635e-01, -3.50939564e-02, -6.34744815e-02,\n        -3.54013421e-02,  8.56964852e-02,  2.41210689e-02,\n        -2.22189342e-01,  7.27557746e-02, -5.94856364e-03,\n        -1.15090636e-01,  2.07064712e-01,  2.59794964e-02,\n        -1.39039837e-01, -5.76198278e-03, -1.19651767e-01,\n        -4.82406863e-02,  1.17450900e-02, -8.74858758e-02,\n        -1.74978428e-01, -1.56626506e-01, -1.52621010e-01,\n        -1.66446728e-01, -1.18160248e-01, -1.13415371e-01,\n         1.00000000e+00, -1.73182879e-01, -1.08600115e-01,\n         6.08104189e-02],\n       [ 1.31860707e-01,  4.73911081e-02, -1.66211823e-02,\n        -6.54412317e-02, -4.50165541e-02,  6.85119255e-03,\n         1.09343280e-01, -2.56133113e-02, -4.15027756e-02,\n         1.93092542e-01, -8.68377107e-02,  3.56804578e-02,\n        -1.04255791e-03,  3.60562504e-02,  4.47254257e-02,\n         8.51459438e-03, -1.85333459e-01,  1.23461955e-01,\n         4.32002356e-02, -1.73182879e-01, -1.68753978e-01,\n        -1.84041159e-01, -1.30650504e-01, -1.25404065e-01,\n        -1.73182879e-01,  1.00000000e+00,  1.59602658e-01,\n        -2.81268508e-02],\n       [ 7.10796959e-01,  8.23657431e-02,  6.21992643e-02,\n        -1.88993381e-02, -1.18223519e-01, -6.26679228e-02,\n         9.17061197e-02,  2.43951516e-03, -4.45228573e-02,\n         1.22123037e-01, -7.69429175e-02, -1.91289618e-02,\n         1.42750535e-02,  2.31760624e-02,  1.36123661e-01,\n         6.75543601e-03, -4.47180967e-02,  1.01214801e-01,\n         7.27097913e-02,  1.51126373e-02, -1.13758650e-01,\n         2.70652586e-02, -7.11302707e-02, -1.06583310e-01,\n        -1.08600115e-01,  1.59602658e-01,  1.00000000e+00,\n        -1.27389772e-03],\n       [-5.14779327e-01,  4.81909108e-03,  9.66609646e-04,\n        -4.42441698e-03, -3.69118033e-01,  8.81005073e-02,\n        -7.95902127e-01,  7.25183721e-02, -5.63216165e-02,\n        -2.02973340e-01,  1.13764334e-01,  1.14246339e-01,\n        -1.93449171e-02, -1.73021175e-02,  2.87754374e-01,\n        -3.96191351e-01,  8.06117192e-02, -1.08087793e-01,\n        -3.05306282e-03,  4.16357268e-02, -8.48232420e-02,\n        -6.25125804e-02,  9.66547531e-02,  4.50971585e-02,\n         6.08104189e-02, -2.81268508e-02, -1.27389772e-03,\n         1.00000000e+00]])"
     },
     "execution_count": 22,
     "metadata": {},
     "output_type": "execute_result"
    }
   ],
   "source": [
    "np.corrcoef(np.transpose(train[0]))"
   ],
   "metadata": {
    "collapsed": false,
    "ExecuteTime": {
     "end_time": "2023-08-29T04:04:26.555177Z",
     "start_time": "2023-08-29T04:04:26.544177Z"
    }
   }
  },
  {
   "cell_type": "code",
   "execution_count": null,
   "outputs": [],
   "source": [
    "train[2]"
   ],
   "metadata": {
    "collapsed": false
   }
  },
  {
   "cell_type": "markdown",
   "source": [
    "# same with test set"
   ],
   "metadata": {
    "collapsed": false
   }
  },
  {
   "cell_type": "code",
   "execution_count": null,
   "outputs": [],
   "source": [
    "# This will be all the \"datasets\", i.e. all simulation setups * simulation runs\n",
    "ihdp_test_processed = []\n",
    "ihdp_test_x = []\n",
    "for i in range(ihdp_realisations):\n",
    "    ihdp_test_processed.append([])\n",
    "    ihdp_test_x.append([])"
   ],
   "metadata": {
    "collapsed": false
   }
  },
  {
   "cell_type": "code",
   "execution_count": null,
   "outputs": [],
   "source": [
    "# y_factual, x, treatment, tau\n",
    "ihdp_test_tau = ihdp_test['mu1'] - ihdp_test['mu0']\n",
    "ihdp_test_tau"
   ],
   "metadata": {
    "collapsed": false
   }
  },
  {
   "cell_type": "code",
   "execution_count": null,
   "outputs": [],
   "source": [
    "# pre-process x --> make it a list, each entry beeing one realisation, containing all features\n",
    "for i in range(ihdp_realisations):\n",
    "    realisation = np.zeros(shape=(75,25))\n",
    "    for n in range(75):\n",
    "        realisation[n,:] = ihdp_test['x'][n][:,i][:,np.newaxis].T\n",
    "    ihdp_test_x[i] = realisation"
   ],
   "metadata": {
    "collapsed": false
   }
  },
  {
   "cell_type": "code",
   "execution_count": null,
   "outputs": [],
   "source": [
    "# concatenate [y, x, t, tau]\n",
    "for i in range(ihdp_realisations):\n",
    "    temporary_set = np.concatenate((np.expand_dims(ihdp_test['yf'][:, i], axis=1)\n",
    ", ihdp_test_x[i], np.expand_dims(ihdp_test['t'][:,i], axis=1), np.expand_dims(ihdp_test_tau[:,i], axis=1)), axis=1)\n",
    "    ihdp_test_processed[i] = temporary_set\n",
    "\n",
    "ihdp_test_processed[0]"
   ],
   "metadata": {
    "collapsed": false
   }
  },
  {
   "cell_type": "code",
   "execution_count": null,
   "outputs": [],
   "source": [
    "# save the processed testing data\n",
    "np.save('/Users/arberimbibaj/Documents/Master Thesis ETH/DataSets /IHDP/ihdp_test_processed',ihdp_test_processed)"
   ],
   "metadata": {
    "collapsed": false
   }
  },
  {
   "cell_type": "code",
   "execution_count": null,
   "outputs": [],
   "source": [
    "# load check\n",
    "test = load('/Users/arberimbibaj/Documents/Master Thesis ETH/DataSets /IHDP/ihdp_test_processed.npy')\n",
    "pd.DataFrame(test[0][:,27]).describe() # the taus are very differently distributed over the realisations"
   ],
   "metadata": {
    "collapsed": false
   }
  },
  {
   "cell_type": "code",
   "execution_count": null,
   "outputs": [],
   "source": [
    "test[0]"
   ],
   "metadata": {
    "collapsed": false
   }
  },
  {
   "cell_type": "markdown",
   "source": [
    "# NEWS Dataset (from Fredjo.com)"
   ],
   "metadata": {
    "collapsed": false
   }
  },
  {
   "cell_type": "code",
   "execution_count": null,
   "outputs": [],
   "source": [
    "# Description\n",
    "''''The first row of the .x file contains the number of rows and columns of\n",
    "the corresponding dense matrix. In this case n=5000 rows, d=3477 features.\n",
    "\n",
    "Each following row represent an element in the matrix on the form: i,j,v\n",
    "where i is the row index, j the column index and v the value.\n",
    "\n",
    "The data represents word counts in documents, so 1,16,1 means that word 16\n",
    "occurred 1 time in document 1. '''''\n",
    "\n",
    "news_x = np.loadtxt('/Users/arberimbibaj/Documents/Master Thesis ETH/DataSets /News/csv/topic_doc_mean_n5000_k3477_seed_1.csv.x', delimiter=',')\n",
    "news_x"
   ],
   "metadata": {
    "collapsed": false
   }
  },
  {
   "cell_type": "code",
   "execution_count": null,
   "outputs": [],
